320
584
691
935
1534
2084
2208
2583
2779
3528
3593
3711
4263
4601
4648
4678
4691
5062
5965
6227
6713
7420
7467
7810
7864
7998
8036
8060
8102
8134
8190
8192
8193
8195
8454
8456
8542
8550
8590
8593
9872
9996
10070
10105
10457
10459
11305
118918
118976
119225
119349
119484
134844
136161
137506
137641
146254
146673
146833
146867
146983
147033
147093
169636
184779
184801
184836
184915
184992
185057
185257
185417
185617
185692
185766
185880
185892
195672
201018
223928
223963
290237
428539
1002400
1002401
1003746
1005436
1005519
1005591
1005606
1030868
1031004
1031041
1064049
1068678
1069694
1082816
1088785
1088793
1097162
1097220
1097224
1108027
1115537
1117679
1117705
1117735
1121966
1122859
1137326
1137327
1138303
1141998
1142014
1142015
1144170
1145790
1145868
1148162
1155093
1175576
1254976
1291119
1291849
1291877
1293092
1308581
1309101
1310584
1312813
1313606
1316572
1316573
1316587
1319682
1389150
1411381
1411382
1411831
1414921
1414922
1447923
1498259
1503118
1503121
1503614
1503817
1503829
1507124
1545807
1547092
1548143
1549023
1549024
1549048
1555748
1555749
1556803
1556804
1560730
1560739
1560743
1565413
1566294
1591331
1591615
1599332
1633634
1650069
1655158
1680009
1680010
1680011
1687155
1688375
1693514
1695946
1706699
1714461
1716628
1716689
1719150
1723211
1731088
1737464
1738158
1745808
1758326
1758900
1758960
1761265
1779556
1790163
1790164
1790181
1792355
1806468
1806479
1806516
1806521
1807041
1807423
1807438
1807446
1807451
1824147
1824148
1833001
1837119
1841021
1841022
1842567
1860432
1862363
1862383
1866743
1866785
1867096
1870471
1870483
1878103
1890282
1891417
1923808
1930627
1944490
1944491
1944492
2043301
2055806
2061799
2061834
2061904
2062086
2062518
2069147
2073986
2075034
2075178
2077495
2081298
2083976
2085920
2095479
2102358
2124199
2127008
2127057
2128123
2128371
2128907
2129015
2130862
2135222
2322928
2322931
2323862
2323946
2324086
2337277
2337288
2387789
2389888
2390508
2393005
2393300
2420855
2420873
2427469
2427474
2427537
2427594
2434120
2439620
2447756
2464284
2466822
2485655
2488233
2491439
2502905
2502908
2519558
2526873
2530142
2530836
2531415
2539033
2558894
2559798
2560572
2573569
2574857
2579494
2591320
2596887
2599809
2602757
2606086
2646216
2646217
2720417
2740248
2756495
2770010
2771044
2771048
2771238
2783302
2793415
2795833
2821649
2834021
2850102
2882179
2970354
3011024
3167532
3167871
3168097
3170788
3177102
3177933
3178900
3180575
3186821
3187512
3189820
3191245
3194402
3196756
3197615
3198985
3200960
3202557
3205546
3208712
3209109
3209281
3209583
3215894
3216028
3220642
3222546
3223994
3226736
3229433
3234237
3236376
3241205
3242806
3243310
3247703
3253412
3257183
3263733
3271503
3278237
3285835
3287950
3292299
3294181
3294802
3295612
3295851
3297998
3298167
3298457
3300805
3300924
3301151
3302104
3303649
3304465
3305069
3306502
3307901
3307996
3310407
3311001
3311056
3313032
3314540
3315187
3319108
3321841
3323143
3323356
3329991
3330216
3334718
3334929
3335542
3336946
3338002
3345094
3350000
3354186
3356479
3357226
3360259
3360998
3362575
3363839
3366690
3367571
3368248
3369490
3373351
3379480
3382150
3382881
3385334
3390549
3395925
3396169
3399566
3403831
3405510
3407513
3410105
3412431
3412648
3412769
3413242
3414516
3417836
3418794
3420062
3423806
3428408
3429007
3431427
3435497
3437283
3438691
3439705
3439825
3440035
3440728
3442375
3442778
3444368
3445913
3446193
3448306
3452664
3453411
3453417
3454716
3457994
3458899
3459782
3461253
3461850
3462568
3462629
3462725
3463534
3466116
3466400
3466486
3467942
3470003
3471202
3471338
3473486
3473562
3478775
3478930
3479514
3480063
3480488
3480694
3486149
3487395
3488803
3492451
3495682
3496810
3502974
3505044
3505665
3506517
3508103
3510443
3510492
3511274
3512045
3516206
3518360
3520477
3521143
3521610
3521751
3523206
3523212
3524016
3524385
3526400
3526631
3526755
3527775
3528026
3528316
3530458
3532238
3532239
3532541
3532736
3532942
3533157
3534408
3535612
3535762
3537252
3539405
3540152
3540747
3541997
3542483
3542511
3543559
3543707
3544489
3545820
3547773
3549679
3551365
3552148
3554276
3554522
3555523
3557649
3558002
3561262
3561846
3562489
3564606
3565083
3565308
3565358
3565631
3566029
3566080
3566774
3569576
3571170
3574069
3574188
3575264
3575293
3575792
3576166
3576898
3581801
3582967
3583025
3585545
3587011
3589773
3591942
3592036
3599454
3601745
3605163
3606100
3609098
3609322
3616714
3620783
3621333
3624806
3625103
3627971
3629103
3629747
3629903
3630049
3634185
3636791
3639500
3640066
3640091
3640163
3640877
3642673
3643503
3644756
3645534
3648747
3650079
3650911
3650916
3651318
3652767
3653949
3654007
3656506
3657814
3657908
3658501
3661364
3663161
3667092
3669444
3671176
3672309
3673029
3674756
3677499
3677917
3679648
3680601
3681859
3683322
3684013
3688993
3689100
3689552
3690520
3691784
3694750
3695319
3697423
3699444
3700680
3701028
3701435
3701790
3702971
3704953
3705372
3708461
3708804
3709169
3710770
3712624
3712656
3714447
3715224
3716214
3719179
3721513
3722509
3723805
3724188
3724571
3727465
3732358
3733587
3734736
3734973
3735508
3738231
3738989
3744899
3745688
3746547
3746751
3747731
3753917
3757743
3757832
3758047
3758640
3760200
3760233
3767187
3767783
3767940
3768511
3768875
3769055
3769469
3770772
3772061
3772121
3773048
3775385
3775676
3776759
3776819
3777499
3778844
3780652
3780773
3780964
3792116
3792405
3792898
3793025
3793840
3795535
3795762
3796213
3796483
3799130
3799313
3801158
3802266
3802536
3803092
3803103
3809173
3810942
3813944
3816003
3816415
3818391
3820956
3821159
3821699
3824130
3824646
3825031
3828509
3829012
3829251
3829289
3830748
3831659
3834488
3836944
3837629
3842574
3846764
3847296
3849588
3850091
3851568
3852253
3852348
3852551
3852832
3853901
3855113
3855790
3856335
3857582
3857708
3860923
3862550
3862972
3864506
3867175
3869737
3869867
3871402
3871956
3872555
3872868
3873744
3875440
3875875
3876889
3877244
3879489
3879896
3880178
3880538
3880809
3886137
3890229
3893200
3893554
3893810
3895739
3895743
3896806
3900018
3900212
3900447
3905033
3905326
3905748
3906417
3910533
3915385
3915945
3918247
3919015
3919827
3920463
3920584
3921210
3921228
3921605
3922083
3922695
3923807
3924230
3927165
3933264
3936279
3940425
3943709
3944255
3945351
3946106
3946331
3946576
3947112
3947199
3949894
3951106
3952518
3952818
3955705
3956602
3958047
3958430
3958444
3959156
3971446
3971928
3973004
3975330
3976535
3977672
3979360
3980670
3982048
3983439
3986256
3986740
3989707
3989979
3989991
3990245
3991872
3992381
3993063
3994598
3996993
3997235
3997901
3998805
4007381
4010267
4010374
4011946
4014803
4016645
4020884
4031326
